0 3 -2.9 -1.6 0.1 0 
-3.1 3 -2.9 -1.6 0.1 0 
-1.6 1 -0.2 -1.6 -0.8 0 
-3.41907 0.875118 -0.571734 -3.27796 -1.86423 -1.22322 
-0.232783 1.08243 -1.03481 0.0964504 -1.56223 1.4458 
-1.7 0.6 -0.2 -1.6 -0.4 0.1 
-1.7 0.1 -0.1 -1.6 0.1 0.1 
-1.7 2.5 -1.9 -1.6 0.1 0.1 
-1.53894 2.45446 -1.80473 -2.3978 0.110087 -0.802276 
-1.52802 2.11388 -1.11441 -4.20497 0.213349 -2.63928 
-1.52338 2.03193 -0.956205 -4.30216 0.282852 -2.74523 
-1.50808 1.85419 -0.631372 -4.39576 0.422787 -2.86216 
-1.48288 1.69106 -0.369176 -4.41134 0.51944 -2.90801 
-1.43539 1.52344 -0.159428 -4.36969 0.562782 -2.91361 
-1.6 0.1 -0.1 -1.6 0.1 0.1 
-0.3 0.9 -0.8 0.2 -1.3 1.5 
-0.105805 1.04689 -0.852962 0.196551 -1.47022 1.36664 
-0.0388339 0.920654 -0.805994 0.214289 -1.55121 1.43113 
-0.0213517 1.13663 -0.89721 0.207339 -1.54193 1.30514 
-0.918552 1.43122 -1.10905 -0.0683976 -0.678742 1.28615 
-1.00281 1.52438 -1.19807 -0.112412 -0.599576 1.26561 
-0.894066 1.40871 -1.08914 -0.0551896 -0.701773 1.29296 
-1.00281 1.52438 -1.19806 -0.112418 -0.599569 1.2656 
-1.22681 2.03404 -1.87165 0.208587 -0.385845 1.67687 
-2.46483 1.85478 -1.59977 -3.22018 -0.935225 -1.45938 
-2.35995 1.72397 -1.42488 -3.15535 -0.832388 -1.40604 
-2.5088 1.92757 -1.70575 -3.25345 -0.980917 -1.4963 
-2.35897 2.12909 -2.03039 -3.35435 -0.854255 -1.68751 
-2.52792 1.90939 -1.67869 -3.2497 -0.998462 -1.48278 
-2.77383 1.75392 -1.46312 -3.26429 -1.2278 -1.38341 
-2.29108 2.29508 -2.33162 -3.50154 -0.827166 -1.89824 
-2.11677 2.07389 -1.93696 -3.34065 -0.611013 -1.70651 
-2.01534 2.52763 -2.80946 -3.9536 -0.731572 -2.43617 
-2.28132 1.72677 -1.42828 -3.13305 -0.757097 -1.40724 
-3.2 0.9 -0.8 -1.4 0.3 1.5 
-3.2 0.9 -0.8 -1.4 -2.77556e-17 1.5 
-3.2 0.6 -0.7 -1.4 0.3 1.5 
-3.2 0.5 -0.5 -1.4 0.1 1.5 
-3.2 0.4 -0.4 -1.4 -0.3 1.5 
-3.2 0.3 -0.3 -1.4 -0.1 1.5 
-0.1 1.1 -1 -1.6 -0.1 1.5 
-0.1 1 -0.9 -1.6 -0.4 1.5 
-0.1 0.8 -0.8 -1.6 -2.77556e-17 1.5 
-0.1 0.6 -0.6 -1.6 0.3 1.5 
-0.1 0.3 -0.4 -1.6 -0.3 1.5 
-1.6 0.2 -0.1 -1.6 -2.77556e-17 1.5 
-1.3 1.7 -1.2 -1.6 0.3 1.5 
-1.22722 1.75122 -1.26496 -1.7293 0.319751 1.32473 
-1.39162 1.70833 -1.21035 -1.4294 0.306555 1.72892 
-1.41421 1.84453 -1.39144 -1.4076 0.353976 1.7636 
-1.38067 1.65427 -1.14474 -1.44557 0.293841 1.70603 
-2 1.7 -1.2 -1.6 0.3 1.5 
-1.88872 1.65987 -1.15137 -1.8085 0.304595 1.22019 
-2.14755 1.77968 -1.30243 -1.34237 0.336067 1.85066 
-2.00001 1.69999 -1.19999 -1.59998 0.299983 1.50002 
-2.12463 1.76492 -1.28288 -1.37812 0.327118 1.80064 
-2.26505 1.5854 -1.06652 -1.12611 0.330842 2.14479 
-2.07205 1.86097 -1.41477 -1.47789 0.355956 1.66697 
-1.9 1.7 -1.2 -1.6 -1.1 1.5 
-1.83531 1.38892 -0.876686 -1.53624 -1.11238 1.56516 
-1.76774 1.61083 -1.0947 -1.47031 -1.12024 1.63211 
-1.63856 1.59625 -1.07844 -1.34651 -1.14008 1.75781 
-1.92 1.64808 -1.13746 -1.61947 -1.11128 1.48032 
-1.92 1.62076 -1.3892 -1.63122 -0.832636 1.46121 
-1.92 1.62656 -1.2554 -1.62419 -0.972014 1.4718 
-1.92 1.68154 -1.82024 -1.67769 -0.463532 1.40613 
-1.92 1.65045 -1.67184 -1.65539 -0.580317 1.43105 
-1.92 1.74832 -2.06356 -1.75496 -0.288727 1.32503 
-1.92 1.69503 -1.87508 -1.68905 -0.422452 1.39386 
-0.990158 1.8294 -2.0549 -0.525842 -0.922726 2.92933 
-0.90512 1.69402 -1.87381 -0.540661 -1.01769 2.93311 
-0.990162 1.82939 -2.05488 -0.525852 -0.922728 2.92931 
-0.883642 1.94466 -2.2296 -0.471884 -0.984938 3.05902 
-1.03755 1.79229 -2.00272 -0.547678 -0.89066 2.88065 
-1.03755 1.85786 -2.21957 -0.417194 -0.820214 3.06755 
-1.03755 1.76276 -1.88611 -0.610592 -0.938355 2.78439 
-1.03755 1.83219 -2.13949 -0.467285 -0.843503 2.99736 
-1.03755 1.79227 -2.00267 -0.547716 -0.89066 2.8806 
-1.03755 1.99268 -2.58478 -0.169605 -0.752768 3.39861 
-1.5 0.2 -0.1 -1.6 0.1 1.5 
-3.1 0.2 -1.8 -0.1 1.4 1.5 
-1.6 0.2 -0.2 -0.1 -0.1 1.5 
0.1 0.2 -1.5 -0.1 -1.4 1.5 
-1.6 0.2 -1.5 1.5 -1.4 1.5 
-1.6 0.1 -0.2 1.5 -0.4 1.5 
-1.67957 0.470719 -0.133859 1.04841 0.0516023 1.06595 
-1.62726 0.33965 -0.147991 2.16996 -0.119632 2.07691 
-1.6 0.7 -0.3 1.6 0.1 1.5 
-1.6 1.2 -0.4 1.6 0.7 1.5 
-1.59099 1.40269 -0.539554 1.61054 0.763298 1.5055 
-1.58686 1.54836 -0.676814 1.61584 0.771815 1.50865 
-1.58254 1.7824 -0.963614 1.62437 0.719265 1.51626 
-1.57944 2.08499 -1.43815 1.64234 0.547791 1.53676 
-1.57752 2.52203 -2.26658 1.77135 0.159383 1.6738 
-1.57843 2.25491 -1.74358 1.66298 0.4128 1.56008 
-1.57984 2.03272 -1.34921 1.63809 0.584348 1.53184 
-1.68408 0.758569 -0.259136 1.42579 0.403095 1.35228 
-1.5 0.2 -0.2 1.6 2.77556e-17 1.5 
-3.1 2.7 -2.3 1.6 0.3 1.5 
-1.6 0.2 -0.1 1.6 -0.3 1.5 
6.38378e-16 2.1 -1.4 1.6 -0.3 1.5 
