0 2.9 -2.7 1.6 0 0 
-3.1 2.9 -2.7 1.6 0 0 
-1.6 1.2 -0.2 1.6 0.9 0 
-2.9484 1.28902 -0.993491 0.0289509 1.26683 -1.293 
-0.115058 1.69758 -1.3918 -3.11763 1.4429 -5.03171 
-1.61506 0.0975766 -0.191802 1.58237 -0.0570992 -6.33171 
-1.61506 0.0975766 -0.0918021 1.58237 -0.0570992 -6.33171 
-1.61506 2.49758 -1.8918 1.58237 -0.257099 -6.33171 
-1.74507 1.56496 -0.198239 4.53897 -0.616954 -3.25445 
-1.74507 0.764958 -0.0982386 4.53897 0.0830456 -3.25445 
-1.54507 -0.035042 -0.0982386 4.53897 0.0830456 -3.25445 
-0.502781 1.7618 -1.1569 5.89746 -1.1086 -2.25173 
-0.502781 1.7439 -1.2073 5.93481 -1.08408 -2.17786 
-0.502781 1.7618 -1.1569 5.89746 -1.1086 -2.25173 
-2.56037 1.64308 -1.00862 3.40962 -1.26096 -4.00781 
-2.56037 1.62323 -1.06019 3.38246 -1.24297 -4.08208 
-2.56037 1.64308 -1.00861 3.40962 -1.26096 -4.00781 
-1.56037 1.14308 -0.708614 -1.59038 -0.56096 0.0921879 
-3.06037 1.14308 -1.20861 -1.59038 0.43904 0.0921879 
-3.00238 0.937278 -0.941104 -2.64102 0.0127825 -0.95924 
-3.00238 0.937278 -0.941104 -1.54102 -0.387218 -0.95924 
-3.00238 0.737278 -0.741104 -1.54102 0.312782 -0.95924 
-3.00238 0.537278 -0.641104 -1.54102 -0.287218 -1.05924 
-3.00238 0.337278 -0.441104 -1.54102 0.212782 -1.05924 
-0.00238427 1.13728 -1.0411 -1.54102 0.212782 -0.15924 
-0.00238427 0.937278 -0.941104 -1.54102 -0.287218 -0.15924 
-0.00238427 0.637278 -0.641104 -1.54102 0.212782 -0.15924 
-0.00238427 0.337278 -0.341104 -1.54102 -0.387218 -0.15924 
-0.00238427 0.337278 -0.341104 -1.54102 0.212782 -0.15924 
-1.60238 0.337278 -0.341104 -1.54102 0.212782 -0.15924 
-1.20238 1.83728 -0.941104 1.45898 -0.287218 -0.15924 
-1.50238 1.13728 -0.641104 1.45898 0.212782 -0.15924 
-2.20238 2.03728 -1.0411 1.45898 -0.187218 -0.15924 
-2.20238 1.53728 -1.4411 1.45898 0.312782 -0.15924 
-2.20238 1.93728 -1.9411 1.45898 0.512782 -0.15924 
-2.20238 1.53728 -1.4411 1.45898 0.312782 -0.15924 
-1.50238 0.937278 -0.941104 1.45898 0.312782 -0.15924 
-1.50238 1.43728 -1.8411 1.45898 0.512782 -0.15924 
-1.50238 0.337278 -0.141104 1.45898 0.212782 -0.15924 
1.59762 0.0372781 -1.5411 1.45898 1.41278 -0.15924 
-0.00238427 0.637278 -0.241104 1.45898 0.112782 -0.15924 
-1.60238 0.0372781 -1.4411 -0.241022 1.61278 -0.15924 
-0.00238427 0.437278 -0.141104 -1.74102 0.0127825 -0.15924 
-3.20238 0.437278 -1.3411 -1.74102 -0.587218 -0.25924 
-0.00238427 0.637278 -1.5411 -1.74102 -0.287218 -0.25924 
-1.60238 0.137278 -0.241104 -1.74102 0.412782 -0.25924 
-1.60182 0.437331 -0.341257 -1.72393 -0.0870274 -0.242198 
-1.56783 1.57915 -0.812306 -1.52575 -0.757715 -0.0569212 
-1.53551 0.673662 -0.33814 -1.34468 -0.332341 0.124376 
-1.56873 1.81563 -1.10911 -1.52372 -0.697264 -0.0535216 
-1.55622 0.81176 -0.355879 -1.46438 -0.448059 0.00631573 
-1.55622 0.11176 -0.155879 -1.46438 0.151941 0.00631573 
-2.93175 1.34546 -1.10968 -0.0779097 1.27084 7.36636 
-1.60397 0.818229 -0.856252 -1.44377 0.113876 5.71188 
-0.205319 1.36615 -1.12632 -3.05924 1.29762 3.79485 
-1.60532 1.16615 -0.426316 -1.45924 -0.502381 -0.00514755 
-1.60532 0.366146 -0.126316 -1.45924 0.0976187 -0.00514755 
-0.45067 1.19653 -0.664352 -0.203501 -1.30505 0.894307
-1.60526 0.893889 -0.39107 -1.4928 -0.564462 -0.0419186 
-2.78804 1.32662 -0.752395 -2.89574 -1.27468 -1.06191 
-2.24444 1.81707 -0.78627 -2.24366 -1.19292 -0.436443 
-0.534689 2.19851 -1.44631 -0.331636 -1.29796 0.651789 
-0.534689 2.07652 -1.78236 -0.1485 -1.18675 1.13202 
-1.50874 1.03483 -0.688715 -1.19584 -0.430203 0.241463 
-1.46542 0.986512 -0.227385 -1.31668 -0.835662 0.073134
-1.55292 1.94737 -1.39725 -1.52622 -0.424573 -0.0781883
-1.44841 0.998979 -0.148339 -1.38038 -0.732371 0.0104164 
-1.55449 2.05299 -1.60207 -1.51629 -0.32518 -0.066934 
-0.735204 1.35712 -1.23871 -0.0917573 -0.493408 -0.0513533 
-1.6352 0.857121 -0.838707 0.00824271 -0.0934075 -0.0513533 
-3.1352 1.75712 -1.43871 0.00824271 -0.0934075 -0.0513533 
-1.5352 0.157121 -0.138707 0.00824271 -0.0934075 -0.0513533 
-3.1005 1.44118 -1.24234 -0.00968145 1.46906 0.139323
-2.58709 1.5704 -1.37031 0.101892 0.966619 0.164575 
-3.02391 1.44571 -1.24647 0.005488 1.39398 0.139557 
-0.103248 1.56232 -1.36168 -3.14369 1.41298 -3.40031 
-0.769323 1.90835 -1.80187 -3.21854 0.75144 -3.33049 
-0.294334 1.59604 -1.39812 -3.18188 1.22567 -3.40158 
-0.695915 2.16566 -1.01467 -3.78465 1.23451 -4.43897 
-0.83365 2.27178 -1.24792 -3.88645 1.10412 -4.37886 
-0.655431 2.14323 -0.965039 -3.75091 1.26341 -4.45208 
-2.4147 2.03702 -0.856229 -5.59799 1.24175 -5.07013 
-2.4147 1.82975 -0.989899 -5.7075 1.03919 -5.36574 
-2.18138 2.09131 -1.41143 -5.56256 0.808301 -5.39543 
-2.43663 1.81367 -0.966546 -5.72474 1.0554 -5.36764 
-1.56566 1.09079 -0.307215 -4.70145 0.709873 -4.76353 
-1.56566 0.0907867 -0.107215 1.59855 -0.190127 -4.76353 
-3.06566 0.0907867 -1.50722 2.69855 -1.49013 0.13647 
-0.365664 0.0907867 -1.50722 0.49855 -1.49013 0.13647 
-2.76566 0.490787 -0.707215 0.19855 0.709873 0.0364698 
-0.180795 1.50861 -1.36407 3.17094 1.74539 3.17716 
-1.58079 0.208608 -0.264074 -0.029064 -0.154614 0.177159 
-1.58079 0.108608 -0.0640745 -0.029064 -0.154614 0.177159 
