0 0 0 0 0 0 2.0 1
0 3 -2.8 1.5 0.15 0 1.5 0
-3.1 3 -2.8 1.5 0.15 0 1.5 1
-1.6 1.1 -0.4 1.4 0.7 0 0.8 1
-3 1.1 -1.2 0.2 1.3 0 0.8 1
-0.0985222 1.26139 -1.29278 -0.0568056 -1.53124 0.236934 0.8 1
-1.59852 0.161386 -0.1227784 -0.0568056 0.0687553 0.236934 0.8 1
-1.59852 2.36139 -1.69278 -0.0568056 0.0687553 0.236934 0.8 1
-1.70796 1.33526 -0.148755 1.15386 0.482371 -0.0286293 0.8 0
-1.70796 0.0352551 -0.1287549 1.15386 -0.117629 -0.0286293 0.8 1
-1.00796 1.03526 -0.948755 -0.0461416 -0.517629 -0.0286293 0.4 0
-1.00796 1.04672 -1.02506 0.0839155 -0.518854 0.116671 0.4 1
-1.00796 1.03525 -0.948754 -0.0461407 -0.517625 -0.0286282 0.8 0
-1.6353 0.581467 -0.52751 -0.0220783 0.00921354 0.0383104 0.8 1
-2.3353 1.88147 -1.92751 -0.0220783 0.809214 0.0383104 0.4 0
-2.3353 1.90654 -2.03911 -0.0954376 0.8143 -0.0750003 0.4 1
-2.3353 1.88146 -1.9275 -0.0220752 0.80921 0.0383152 0.8 0
-1.5353 0.981463 -0.527502 -1.62208 -0.39079 0.0383152 0.8 1
-3.1353 1.28146 -1.2275 -1.62208 0.20921 0.0383152 0.8 1
-3.1353 1.08146 -1.0275 -1.62208 -0.39079 0.0383152 0.8 1
-3.1353 0.781463 -0.727502 -1.62208 0.30921 0.0383152 0.8 1
-3.1353 0.581463 -0.627502 -1.62208 -0.39079 -0.161685 0.8 1
-3.1353 0.381463 -0.427502 -1.62208 0.30921 -0.161685 0.8 1
-0.0353049 1.08146 -1.0275 -1.62208 -0.39079 -0.161685 0.8 1
-0.0353049 0.781463 -0.827502 -1.62208 0.30921 -0.161685 0.8 1
-0.0353049 0.481463 -0.527502 -1.62208 -0.59079 -0.161685 0.8 1
-0.0353049 0.281463 -0.327502 -1.62208 0.20921 -0.161685 0.8 1
-1.6353 0.181463 -0.127502 -1.62208 0.20921 -0.161685 0.8 0
-1.1353 1.68146 -0.927502 -1.62208 0.40921 -0.161685 0.4 1
-1.1353 2.18146 -1.7275 -1.62208 0.00920998 -0.161685 0.4 0
-1.1353 1.88146 -1.1275 -1.62208 0.50921 -0.161685 0.4 1
-2.3353 1.88146 -1.1275 -1.62208 0.50921 -0.161685 0.4 1
-2.3353 2.38146 -2.0275 -1.62208 0.10921 -0.161685 0.4 1
-2.3353 1.68146 -0.927502 -1.62208 0.40921 -0.161685 0.8 0
-2.3353 1.68146 -1.5275 -1.62208 -0.69079 -0.161685 0.4 0
-2.3353 1.78146 -2.2275 -1.62208 -0.29079 -0.161685 0.4 1
-2.3353 1.68146 -1.7275 -1.62208 -0.59079 -0.161685 0.8 0
-1.5353 1.28146 -1.1275 -1.62208 -0.59079 -0.161685 0.8 1
-1.5353 1.98146 -2.2275 -1.62208 -0.29079 -0.161685 0.8 1
-1.5353 1.48146 -1.6275 -1.62208 -0.69079 -0.161685 0.8 1
-1.5353 0.381463 -0.127502 -1.62208 -0.09079 -0.161685 0.8 1
0.0646951 0.081463 -1.5275 -1.62208 -1.39079 -0.161685 0.8 1
-1.5353 0.281463 -0.1275017 -1.62208 -0.29079 -0.161685 0.8 1
-3.1353 -0.018537 -1.4275 -3.12208 -1.49079 -0.161685 0.8 1
-1.6353 0.481463 -0.127502 1.57792 0.20921 -0.161685 0.8 0
-1.6353 0.081463 -0.1275017 1.57792 -0.09079 -0.161685 0.8 1
-3.1353 0.081463 -1.2275 1.57792 0.10921 -0.161685 0.8 1
-0.135305 0.081463 -0.927502 1.57792 0.10921 -0.161685 0.8 1
-1.5353 0.281463 -0.1275017 1.57792 0.10921 -0.161685 0.8 0
-1.5353 0.481463 -0.227502 1.57792 0.20921 -0.161685 0.8 1
-1.57185 2.25448 -1.71833 1.50409 0.492115 -0.225947 0.8 1
-1.57521 1.17007 -0.356373 1.51897 0.769338 -0.204201 0.8 1
-1.57242 1.78832 -0.943655 1.52407 0.800166 -0.199631 0.8 1
-1.58351 0.808667 -0.241642 1.486 0.523641 -0.240117 0.8 1
-1.58351 0.408667 -0.1216424 1.486 -0.0763586 -0.240117 0.8 0
-1.58351 -0.0913331 -0.1216424 1.486 -0.0763586 -0.240117 0.8 1
-3.08351 0.708667 -0.741642 0.0859954 1.42364 -0.240117 0.8 1
-0.00857509 1.23946 -0.935157 0.053251 -1.42784 -0.584248 0.8 1
-1.60858 0.839464 -0.235157 0.053251 -0.0278439 -0.584248 0.8 1
0.0913316 0.839364 -0.735162 0.048804 -1.62783 -0.588644 0.8 1
-1.60867 0.639364 -0.535162 -1.5512 0.0721679 -0.588644 0.8 1
-0.113929 1.27233 -0.756849 -2.97622 1.33477 -0.0707899 0.8 1
-2.4035 1.64657 -1.59444 -0.0557507 0.741063 -0.070508 0.8 1
-2.4035 2.02833 -0.772252 0.729779 1.22328 0.0684571 0.8 1
-0.563926 2.18339 -1.10365 2.69915 1.20596 0.743565 0.8 1
-0.563926 1.88756 -1.76902 0.160407 -1.0183 0.0800436 0.8 1
-1.44344 0.634244 -0.249679 0.163426 -0.148379 0.232238 0.8 1
-0.943437 2.23424 -2.14968 0.163426 -0.648379 0.232238 0.8 1
-2.12521 2.13393 -1.97163 -3.18891 -0.636471 0.0525106 0.8 1
-1.52521 0.833934 -0.771628 -3.08891 -0.636471 0.0525106 0.8 1
-0.0252092 2.33393 -1.67163 -3.08891 -0.0364713 0.0525106 0.8 1
-1.52521 0.533934 -0.471628 -3.08891 -0.0364713 0.0525106 0.8 1
-3.12521 2.13393 -1.67163 -3.08891 -0.0364713 0.0525106 0.8 1
-1.52521 0.033934 -0.1216282 -3.08891 -0.0364713 0.0525106 0.8 1
-1.92521 1.83393 -1.87163 -3.08891 -0.536471 0.0525106 0.8 1
-1.85877 2.19645 -2.46801 -2.98168 -0.516185 -0.4862 0.8 1
-2.96559 0.970767 -1.02435 -2.88655 -1.31957 -0.740064 0.8 1
-0.0766306 1.01337 -1.00966 -0.253149 -1.50129 0.0881226 0.8 1
-0.839005 1.90788 -0.615708 -0.916854 -1.25721 -1.27308 0.8 1
-1.13185 2.2126 -1.23068 -1.15616 -0.93007 -1.21489 0.8 1
-0.884347 1.9351 -0.668837 -0.958341 -1.22862 -1.26788 0.8 1
-2.52752 2.12222 -1.14466 -2.76519 -1.27098 -0.0040116 0.8 1
-2.23981 2.44697 -1.80036 -2.67775 -0.954107 -0.254086 0.8
-2.65563 2.05644 -1.01785 -2.86209 -1.3553 0.0334556 0.8 1
-1.55563 0.156436 -0.517846 -1.36209 0.444702 0.0334556 0.8 1
-1.55563 0.0564364 -0.217846 -1.36209 0.444702 0.0334556 0.8 1
-3.05563 0.0564364 -1.51785 -0.0620859 1.4447 0.0334556 0.8 1
0.0443706 0.0564364 -1.51785 -2.96209 1.4447 0.0334556 0.8 1
-3.25563 0.656436 -0.617846 -0.0620859 1.3447 0.0334556 0.8 1
-0.0345955 1.68928 -1.2394 -3.04429 1.52255 0.0429133 0.8 1
-1.6346 0.189279 -0.139401 -3.04429 -0.177448 0.0429133 0.8 1
0 0 0 0 0 0 0.8 0
